[CaptureSection]
lightLow= 0
lightHigh= 255
waitTime= 500
adjustTime= 0
zeroPosition= 639
rasterType= 0
doubleExposure= 0
stepNum= 3
[Step0]
pixelWidth= 16
frangeNum= 100.000000000000
moveNum= 5
stepMSecond= 40
jumpMSecond= 40
[Step1]
pixelWidth= 48
frangeNum= 94.750000000000
moveNum= 5
stepMSecond= 40
jumpMSecond= 40
[Step2]
pixelWidth= 200
frangeNum= 90.500000000000
moveNum= 5
stepMSecond= 40
jumpMSecond= 40
[Step3]
pixelWidth= 800
frangeNum= 100.000000000000
moveNum= 5
stepMSecond= 40
jumpMSecond= 40
[Step4]
pixelWidth= 224
frangeNum= 100.000000000000
moveNum= 7
stepMSecond= 40
jumpMSecond= 40
[Step5]
pixelWidth= 448
frangeNum= 100.000000000000
moveNum= 7
stepMSecond= 40
jumpMSecond= 40
[Step6]
pixelWidth= 8
frangeNum= 100.000000000000
moveNum= 1
stepMSecond= 40
jumpMSecond= 40
