[SystemSection]
saveBmp= 1
[CannySection]
filterWindowWidth= 5.000000000000
filterWinodwHeight= 5.000000000000
guassSigma= 1.000000000000
sigma= 1.000000000000
thresholdLow= 0.120000000000
thresholdHigh= 0.300000000000
[RefPointSection]
pointRadius= 3.000000000000
pointQuality= 0.300000000000
circularity= 5.000000000000
eripolarError= 1.000000000000
minDiameter= 6
maxDiameter= 100
lengthEpsilon= 0.300000000000
removeEpsilon= 1.000000000000
minSamePointCount= 3
bweight= 1
[RangeSection]
depthMask= 0
farClip= -150
nearClip= 150
boxMask= 1
resizeboxMask= 0
boxMaskx= 0.001
boxMasky= 0.001
boxMaskz= 0.001
resizeboxMasktb= 1
boxMaskxtb= 200.0
boxMaskytb= 200.0
boxMaskztb= 200.0
resizeboxMasktbp= 1
boxMaskxtbp= 200.0
boxMaskytbp= 200.0
boxMaskztbp= 200.0
resample= 1
grayThreshold= 5
phaseThreshold= 1.570000000000
viewAngleThreshold= 85.000000000000
depthThreshold= 3.000000000000
pointDistanceThrehold= 3.000000000000
minSurfacePoints= 500
maxDistance= 0.900000000000
deleteBoundary= 1
enbaleTexture= 0
LScale= 6.500000000000
MScale= 3.000000000000
HScale= 1.000000000000
rScale= 1.179079375793
gScale= 1.014668974787
bScale= 1.012703438963
[FastSection]
baseWidth= 25
baseWidthPi= 0
startPoint= 20
reserchRange= 200
graySubTd= 5
[SmoothSection]
needSmooth= 1
sigma= 0.300000000000
iterationId= 0
iterationL= 3
iterationM= 5
iterationH= 7
[RebuildParam]
ccol= 1280
crow= 1024
num_find= 55
sample= 1
filtwin= 1
gpuRebuild= 0
[CalibrateSection]
CalibrateProjector= 0
CalibratePlane= 0
Calibraterange= 0.0
